((("anything-for-files" .
   [0 0 0 0 0 0 0 0 0 0 0 0 1 0 0 0 0 0])
  ("nil" .
   [1 0 0])
  ("465a61" .
   [0 0 0 1 0 0])
  ("81908F" .
   [0 0 0 1 0 0])
  ("fcf4dc" .
   [0 0 0 1 0 0])
  (":foreground" .
   [0 0 0 0 0 1 0 0 0 0 0])
  ("5859b7" .
   [0 0 0 2 0 0])
  (":background" .
   [0 0 0 0 0 0 1 0 0 0 0])
  ("c60007" .
   [0 0 1 0 0 0])
  ("2075c7" .
   [0 0 0 0 1 0])
  ("evil-forward-word-begin" .
   [0 0 0 0 0 0 0 0 0 0 0 0 0 0 0 0 0 0 0 0 1 0 0])
  ("evil-forward-char" .
   [0 0 0 0 0 0 0 0 0 0 0 0 0 0 0 0 1])
  ("footnote-mode" .
   [0 0 0 1 0 0 0 0 0 0 0 0 0])
  ("define-key" .
   [0 0 0 0 0 0 0 0 0 1])
  ("evil-normal-state" .
   [0 0 0 0 0 0 0 0 0 0 0 0 0 0 0 0 1])
  ("evil-normal-state-map" .
   [0 0 0 0 0 0 0 0 0 0 0 0 0 0 0 0 0 0 0 1 0])
  ("evil-buffer" .
   [0 0 0 0 0 0 0 0 0 0 1])
  ("259185" .
   [0 0 0 1 0 0])
  ("bd3612" .
   [0 0 1 0 0 0])
  ("c61b6e" .
   [0 0 0 1 0 0])
  (":inverse" .
   [0 0 0 0 0 0 1 0])
  (":inverse-video" .
   [0 0 0 0 0 0 0 0 0 0 0 0 1 0])
  ("a57705" .
   [0 0 0 1 0 0])
  ("global-whitespace-mode" .
   [0 0 0 0 0 0 0 0 0 0 0 0 1 0 0 0 0 0 0 0 0 0])
  ("set" .
   [1 0 0])
  ("setq" .
   [2 0 0 0])
  ("whitespace" .
   [0 0 0 0 0 0 0 0 0 1])
  ("e9e2cb" .
   [0 0 0 1 0 0])
  ("class" .
   [1 0 0 0 0])
  ("color" .
   [1 0 0 0 0])
  ("show-trailing-whitespace" .
   [0 0 0 0 0 0 0 0 0 0 1 0 0 0 0 0 0 0 0 0 0 0 0 0])
  ("anything" .
   [1 0 0 0 0 0 0 0])
  ("require" .
   [1 0 0 0 0 0 0])))
